function result = U0p(y)

    result = -10.72*y^4 + 23.88*y^3 - 16.77*y^2 + 2.595*y + 4.563;

end